// Map 0
1738292928.050920 0.0000000 0.0000000 0.0000000 -0.0000000 -0.0000000 -0.0000000 1.0000000
1738292928.859917 -0.0549187 -0.0069177 0.0046492 0.0272091 -0.0677649 0.0412346 0.9964775
1738292928.993576 -0.0670730 -0.0076269 0.0035854 0.0282180 -0.0717564 0.0377850 0.9963067
1738292929.260207 -0.0909663 -0.0080417 -0.0001503 0.0210831 -0.0626355 0.0473218 0.9966910
1738292929.459185 -0.1091990 -0.0105725 -0.0041739 0.0079598 -0.0548532 0.0588506 0.9967269
1738292929.525321 -0.1155227 -0.0116555 -0.0049595 0.0049456 -0.0542599 0.0513973 0.9971910
1738292929.591362 -0.1218554 -0.0117970 -0.0055263 0.0061005 -0.0525903 0.0471161 0.9974854
1738292929.788914 -0.1403669 -0.0120590 -0.0062876 0.0081512 -0.0494954 0.0371679 0.9980493
1738292930.452568 -0.2053117 -0.0159960 -0.0026107 0.0008820 -0.0353450 0.0284183 0.9989707
1738292930.585261 -0.2183328 -0.0165591 -0.0032525 0.0025712 -0.0403305 0.0236573 0.9989030
1738292930.982757 -0.2592860 -0.0188365 -0.0084526 -0.0161339 -0.0298964 0.0134278 0.9993326
1738292931.115374 -0.2714450 -0.0199585 -0.0092402 -0.0187401 -0.0322020 0.0110678 0.9992444
1738292931.181635 -0.2778985 -0.0205457 -0.0094949 -0.0216373 -0.0348301 0.0105730 0.9991031
1738292931.247866 -0.2847373 -0.0204273 -0.0092456 -0.0210332 -0.0368674 0.0108070 0.9990404
1738292931.446371 -0.3052490 -0.0192494 -0.0077749 -0.0171721 -0.0392260 0.0183835 0.9989136
1738292932.441261 -0.4052837 -0.0287602 -0.0136626 -0.0014030 -0.0168727 0.0257500 0.9995251
1738292932.707487 -0.4294425 -0.0307405 -0.0158714 -0.0024787 -0.0132961 0.0213253 0.9996811
1738292932.840573 -0.4415835 -0.0305080 -0.0155866 0.0031511 -0.0159756 0.0240373 0.9995785
1738292933.640209 -0.5118758 -0.0351973 -0.0136507 0.0077335 -0.0005148 0.0198921 0.9997721
1738292933.706844 -0.5175915 -0.0352878 -0.0143578 0.0078531 0.0035742 0.0223327 0.9997134
1738292933.973461 -0.5412853 -0.0360066 -0.0161412 -0.0098635 0.0161450 0.0280731 0.9994268
1738292934.173574 -0.5584713 -0.0372542 -0.0162684 -0.0085069 0.0171414 0.0142022 0.9997160
1738292934.240281 -0.5642479 -0.0375682 -0.0158195 -0.0074160 0.0161316 0.0106239 0.9997860
1738292934.373698 -0.5754172 -0.0374958 -0.0144618 -0.0037987 0.0174712 0.0123445 0.9997640
1738292935.374219 -0.6514518 -0.0423268 -0.0073196 0.0132736 0.0314769 0.0121530 0.9993424
1738292935.574281 -0.6677538 -0.0447213 -0.0103762 0.0085582 0.0292234 0.0169049 0.9993933
1738292935.841031 -0.6906392 -0.0461904 -0.0121420 0.0148160 0.0195789 0.0037453 0.9996915
1738292935.974473 -0.7026848 -0.0457830 -0.0115740 0.0186136 0.0149837 0.0125727 0.9996354
1738292936.174712 -0.7228995 -0.0450697 -0.0086351 0.0122311 0.0128397 0.0244949 0.9995427
1738292936.441729 -0.7476466 -0.0494134 -0.0056798 0.0147256 0.0093607 0.0204519 0.9996386
1738292936.775547 -0.7752919 -0.0501606 -0.0037083 0.0187474 0.0280347 0.0216313 0.9991970
1738292937.576072 -0.8446267 -0.0536497 0.0000147 0.0080066 0.0540770 0.0099018 0.9984556
1738292937.709471 -0.8556081 -0.0541509 0.0035618 0.0057889 0.0532748 0.0110835 0.9985016
1738292938.576593 -0.9328915 -0.0585734 0.0092371 -0.0024941 0.0461560 0.0148908 0.9988202
1738292939.043949 -0.9756650 -0.0613500 0.0082469 -0.0013239 0.0105476 0.0210713 0.9997215
1738292939.177752 -0.9879328 -0.0610330 0.0090753 -0.0024397 0.0002078 0.0239652 0.9997098
1738292939.378478 -1.0069579 -0.0627699 0.0127945 -0.0021819 -0.0056600 0.0353690 0.9993559
1738292939.713078 -1.0394093 -0.0662337 0.0157291 0.0139875 -0.0168790 0.0183503 0.9995913
1738292939.846937 -1.0511916 -0.0661671 0.0152222 0.0197297 -0.0166680 0.0208007 0.9994500
1738292939.980488 -1.0647835 -0.0662307 0.0148532 0.0179264 -0.0127994 0.0253349 0.9994363
1738292940.113872 -1.0795801 -0.0677339 0.0138093 0.0173736 -0.0150890 0.0320825 0.9992203
1738292940.580711 -1.1256746 -0.0692244 0.0132125 0.0037259 -0.0211237 0.0296249 0.9993309
1738292940.714092 -1.1390538 -0.0699712 0.0149534 0.0068155 -0.0193052 0.0303345 0.9993301
1738292940.980904 -1.1661139 -0.0746037 0.0174604 0.0116434 -0.0277957 0.0422627 0.9986520
1738292941.314564 -1.1997331 -0.0759256 0.0184591 0.0145970 -0.0371499 0.0350698 0.9985875
1738292941.448035 -1.2132868 -0.0764927 0.0174769 0.0175220 -0.0319646 0.0383856 0.9985979
1738292941.981879 -1.2668172 -0.0810415 0.0161714 0.0081840 -0.0253564 0.0375931 0.9989378
1738292942.648696 -1.3329616 -0.0871508 0.0207563 0.0299240 -0.0253411 0.0375717 0.9985243
1738292942.848730 -1.3507850 -0.0870172 0.0181420 0.0313697 -0.0172711 0.0362856 0.9986997
1738292943.582956 -1.4204469 -0.0909846 0.0080129 0.0195788 -0.0041192 0.0287951 0.9993851
1738292943.783238 -1.4390829 -0.0902485 0.0107347 0.0150387 0.0011842 0.0377710 0.9991726
1738292943.983431 -1.4586126 -0.0926443 0.0124763 0.0144233 -0.0036496 0.0403451 0.9990751
1738292944.183505 -1.4770902 -0.0952403 0.0129267 0.0215870 -0.0038426 0.0337620 0.9991894
1738292944.383575 -1.4949850 -0.0959016 0.0123961 0.0263209 0.0002519 0.0348653 0.9990454
1738292944.583640 -1.5131772 -0.0968931 0.0094653 0.0282920 0.0136315 0.0390973 0.9987418
1738292944.917104 -1.5446026 -0.1006342 0.0068582 0.0235745 0.0239789 0.0389332 0.9986759
1738292945.117422 -1.5639864 -0.1007393 0.0064730 0.0345710 0.0187154 0.0344440 0.9986331
1738292945.518101 -1.6053840 -0.1044862 0.0111466 0.0339744 -0.0059456 0.0490754 0.9981994
1738292945.918803 -1.6412768 -0.1055048 0.0101850 0.0446116 0.0090398 0.0303873 0.9985012
1738292946.118913 -1.6637747 -0.1067886 0.0094432 0.0366945 0.0154065 0.0302806 0.9987488
1738292946.585828 -1.7087299 -0.1088279 0.0097493 0.0265393 0.0293925 0.0238098 0.9989319
1738292946.785929 -1.7299212 -0.1081684 0.0120222 0.0288251 0.0277451 0.0297988 0.9987549
1738292947.252850 -1.7750123 -0.1135515 0.0187150 0.0272188 0.0247047 0.0249218 0.9990134
1738292947.653064 -1.8143696 -0.1148371 0.0183845 0.0208948 0.0346030 0.0341739 0.9985982
1738292947.853167 -1.8325319 -0.1157065 0.0180937 0.0123583 0.0340107 0.0356761 0.9987081
1738292948.053280 -1.8508503 -0.1163555 0.0179544 0.0108862 0.0406737 0.0205515 0.9989018
1738292948.453495 -1.8919660 -0.1178733 0.0212569 0.0082198 0.0270202 0.0323959 0.9990760
1738292948.586898 -1.9047364 -0.1200357 0.0217316 0.0119759 0.0202433 0.0303654 0.9992621
1738292949.053815 -1.9512113 -0.1217368 0.0211706 0.0156871 0.0154084 0.0282188 0.9993599
1738292949.387336 -1.9871545 -0.1251190 0.0191528 -0.0022052 0.0085180 0.0303990 0.9994991
1738292949.520741 -1.9997312 -0.1253953 0.0197152 -0.0043046 0.0068776 0.0288514 0.9995508
1738292949.654147 -2.0132802 -0.1256927 0.0207470 -0.0005284 0.0065511 0.0251500 0.9996621
1738292949.787550 -2.0269506 -0.1255023 0.0225286 0.0033239 0.0025401 0.0301404 0.9995369
1738292949.987967 -2.0479903 -0.1278005 0.0246465 0.0028847 -0.0045155 0.0400264 0.9991843
1738292950.121690 -2.0617809 -0.1295453 0.0246024 0.0089627 -0.0105780 0.0335202 0.9993419
1738292950.656649 -2.1158748 -0.1316248 0.0217546 0.0080860 0.0027578 0.0284839 0.9995577
1738292950.990665 -2.1484592 -0.1359119 0.0186629 0.0148929 0.0111238 0.0238340 0.9995431
1738292951.124044 -2.1605735 -0.1360415 0.0191313 0.0160216 0.0131138 0.0227149 0.9995276
1738292951.524168 -2.2025604 -0.1384823 0.0258252 0.0219654 0.0080399 0.0380538 0.9990019
1738292951.657538 -2.2155297 -0.1403848 0.0275752 0.0225713 0.0067496 0.0354986 0.9990920
1738292951.857590 -2.2345121 -0.1411070 0.0290488 0.0243730 0.0150589 0.0263606 0.9992419
1738292951.990971 -2.2475436 -0.1403770 0.0294808 0.0208935 0.0256023 0.0272133 0.9990833
1738292952.257728 -2.2732699 -0.1417341 0.0301409 0.0025969 0.0486785 0.0408395 0.9979759
1738292952.657847 -2.3105381 -0.1436621 0.0322470 0.0023461 0.0481923 0.0344535 0.9982409
1738292952.857900 -2.3309269 -0.1447430 0.0339307 0.0091650 0.0428506 0.0414858 0.9981777
1738292953.124660 -2.3581285 -0.1491880 0.0363158 0.0197421 0.0262870 0.0352318 0.9988383
1738292953.458098 -2.3884561 -0.1496461 0.0379703 0.0223875 0.0336273 0.0296356 0.9987441
1738292953.591469 -2.4015863 -0.1496510 0.0373983 0.0212584 0.0421396 0.0312617 0.9983963
1738292953.791522 -2.4211569 -0.1508231 0.0382371 0.0081119 0.0530890 0.0298600 0.9981103
1738292953.991588 -2.4402976 -0.1520133 0.0404458 0.0021323 0.0582160 0.0243327 0.9980052
1738292954.124967 -2.4536495 -0.1518073 0.0424183 0.0048152 0.0557071 0.0206904 0.9982212
1738292954.591779 -2.5027721 -0.1556638 0.0560608 0.0027955 0.0394551 0.0292397 0.9987895
1738292955.325993 -2.5772541 -0.1591282 0.0577901 -0.0014023 0.0292712 0.0267340 0.9992130
1738292955.459574 -2.5899785 -0.1609646 0.0574116 -0.0026421 0.0271026 0.0285388 0.9992217
1738292955.593163 -2.6025867 -0.1608656 0.0581218 -0.0029353 0.0170051 0.0233965 0.9995773
1738292956.060475 -2.6537259 -0.1634421 0.0632499 -0.0013854 -0.0003229 0.0287842 0.9995846
1738292956.327293 -2.6784637 -0.1666609 0.0638669 0.0080763 0.0050162 0.0233349 0.9996825
1738292956.460700 -2.6923602 -0.1662593 0.0625107 0.0119313 0.0033844 0.0191300 0.9997401
1738292956.594107 -2.7065499 -0.1662928 0.0608195 0.0119258 0.0017639 0.0256238 0.9995990
1738292956.794214 -2.7282672 -0.1677612 0.0578453 -0.0023817 -0.0044021 0.0290452 0.9995656
1738292957.127740 -2.7609832 -0.1702809 0.0532964 0.0002800 -0.0193534 0.0213152 0.9995854
1738292957.527966 -2.7998466 -0.1718203 0.0500631 -0.0006838 -0.0368448 0.0355968 0.9986866
1738292957.728076 -2.8182204 -0.1751250 0.0480804 -0.0001120 -0.0396346 0.0290384 0.9987922
1738292957.928187 -2.8357022 -0.1772824 0.0443490 0.0078010 -0.0400903 0.0242188 0.9988720
1738292958.128304 -2.8538609 -0.1769571 0.0396656 0.0083493 -0.0358273 0.0306825 0.9988520
1738292958.328420 -2.8724310 -0.1783842 0.0344145 -0.0025120 -0.0319429 0.0420704 0.9986007
1738292958.728644 -2.9129024 -0.1804682 0.0248467 -0.0037747 -0.0520758 0.0239967 0.9983476
1738292958.928756 -2.9327695 -0.1804012 0.0210332 0.0035555 -0.0477138 0.0294941 0.9984192
1738292959.395694 -2.9763639 -0.1867583 0.0126617 0.0064021 -0.0726424 0.0257996 0.9970037
1738292959.529103 -2.9886787 -0.1874381 0.0092528 0.0103946 -0.0765021 0.0212085 0.9967896
1738292959.662510 -3.0017204 -0.1876278 0.0050106 0.0115999 -0.0844158 0.0194083 0.9961740
1738292959.795917 -3.0159585 -0.1884406 -0.0003072 0.0109065 -0.0893513 0.0227773 0.9956800
1738292960.462964 -3.0802009 -0.1944602 -0.0208553 0.0064383 -0.0971636 0.0217648 0.9950096
1738292960.729777 -3.1061330 -0.1963833 -0.0282621 0.0042394 -0.1019842 0.0398947 0.9939767
1738292960.863183 -3.1193030 -0.1987004 -0.0322502 0.0070027 -0.1090688 0.0412464 0.9931535
1738292961.063300 -3.1372521 -0.2000330 -0.0395555 0.0160705 -0.1092442 0.0379838 0.9931589
1738292961.263415 -3.1551638 -0.2004759 -0.0472831 0.0182870 -0.0981010 0.0373493 0.9943072
1738292961.396824 -3.1663291 -0.2011383 -0.0525130 0.0115234 -0.0889493 0.0421737 0.9950762
1738292961.663638 -3.1903348 -0.2042747 -0.0625759 -0.0000685 -0.0847458 0.0400264 0.9955984
1738292962.131205 -3.2332370 -0.2053164 -0.0773534 0.0124688 -0.0844514 0.0479169 0.9951967
1738292962.599325 -3.2791505 -0.2147268 -0.0948250 0.0278418 -0.1003252 0.0612105 0.9926797
1738292962.799973 -3.2950218 -0.2148986 -0.1027800 0.0346929 -0.0901454 0.0603386 0.9934936
1738292963.066930 -3.3193779 -0.2162625 -0.1157610 0.0250617 -0.0868710 0.0584491 0.9941877
1738292963.333685 -3.3427765 -0.2190414 -0.1269009 0.0136774 -0.0947273 0.0453869 0.9943740
1738292963.467060 -3.3552330 -0.2205207 -0.1305305 0.0143731 -0.0979336 0.0382489 0.9943538
1738292963.600433 -3.3675313 -0.2192704 -0.1346948 0.0149838 -0.1027132 0.0358576 0.9939516
1738292963.733803 -3.3799820 -0.2195628 -0.1371524 0.0104843 -0.1047858 0.0402619 0.9936242
1738292964.000554 -3.4062042 -0.2235326 -0.1433336 0.0130548 -0.1120779 0.0528709 0.9922060
1738292964.133934 -3.4188595 -0.2254026 -0.1468048 0.0187791 -0.1203706 0.0454151 0.9915118
1738292964.267313 -3.4303043 -0.2258758 -0.1505917 0.0240508 -0.1222324 0.0401880 0.9913959
1738292964.400688 -3.4427438 -0.2257315 -0.1556722 0.0276326 -0.1199704 0.0352300 0.9917673
1738292964.800804 -3.4784019 -0.2286580 -0.1722630 0.0088311 -0.0909572 0.0383911 0.9950753
1738292964.934181 -3.4893665 -0.2305033 -0.1760712 0.0081236 -0.0841433 0.0350427 0.9958042
1738292965.067564 -3.5010710 -0.2311422 -0.1799032 0.0099743 -0.0797682 0.0310924 0.9962785
1738292965.267635 -3.5195136 -0.2307109 -0.1847548 0.0123092 -0.0714347 0.0346972 0.9967656
1738292965.467700 -3.5382931 -0.2323374 -0.1890525 0.0085009 -0.0543691 0.0437310 0.9975266
1738292965.667762 -3.5555129 -0.2365516 -0.1942599 0.0153555 -0.0457870 0.0386966 0.9980834
1738292965.801133 -3.5657835 -0.2376380 -0.1976899 0.0237498 -0.0416641 0.0386715 0.9981005
1738292966.001369 -3.5839505 -0.2383902 -0.2027476 0.0238954 -0.0308120 0.0364020 0.9985763
1738292966.402063 -3.6202035 -0.2430975 -0.2152200 0.0126438 -0.0088914 0.0341002 0.9992989
1738292966.602433 -3.6385911 -0.2446803 -0.2208423 0.0131617 -0.0142562 0.0276162 0.9994303
1738292967.003027 -3.6758425 -0.2445906 -0.2274914 0.0075008 -0.0199653 0.0408188 0.9989389
1738292967.203141 -3.6937652 -0.2492110 -0.2344240 0.0218311 -0.0268965 0.0425660 0.9984930
1738292967.403254 -3.7093914 -0.2513356 -0.2383806 0.0291614 -0.0271002 0.0362840 0.9985483
1738292967.603363 -3.7246747 -0.2516560 -0.2435341 0.0308032 -0.0135705 0.0389393 0.9986745
1738292967.803471 -3.7417006 -0.2523881 -0.2487458 0.0243582 0.0113410 0.0501640 0.9983795
1738292968.003583 -3.7571058 -0.2535432 -0.2528392 0.0096678 0.0282597 0.0491161 0.9983464
1738292968.203697 -3.7723269 -0.2550807 -0.2550220 0.0089213 0.0380768 0.0416988 0.9983646
1738292968.403810 -3.7886465 -0.2553958 -0.2553279 0.0113827 0.0465131 0.0399169 0.9980549
1738292968.603919 -3.8069832 -0.2554661 -0.2542363 0.0059305 0.0546767 0.0430239 0.9975591
1738292968.804025 -3.8254011 -0.2589751 -0.2537414 0.0138554 0.0589113 0.0429093 0.9972444
1738292969.004138 -3.8423045 -0.2609062 -0.2545860 0.0231530 0.0611123 0.0279448 0.9974710
1738292969.204250 -3.8597918 -0.2610373 -0.2540307 0.0234131 0.0738635 0.0258059 0.9966595
1738292969.404360 -3.8790255 -0.2608509 -0.2554943 0.0207571 0.0871556 0.0271085 0.9956095
1738292969.604468 -3.8970537 -0.2627891 -0.2563554 0.0115252 0.0956614 0.0316129 0.9948451
1738292969.804572 -3.9129252 -0.2638579 -0.2559053 0.0089917 0.1010489 0.0258117 0.9945059
1738292970.004819 -3.9268327 -0.2649753 -0.2536716 0.0062130 0.1030078 0.0224366 0.9944081
1738292970.205414 -3.9459674 -0.2652436 -0.2514221 0.0021819 0.1053620 0.0417650 0.9935541
1738292970.406025 -3.9546340 -0.2673572 -0.2535890 0.0021860 0.0886244 0.0469722 0.9949546
1738292970.606652 -3.9578533 -0.2706989 -0.2632718 0.0133453 0.0702721 0.0413261 0.9965821
// Map 1
1738292972.674979 -3.7609460 -0.2036852 -0.3468328 0.0612904 0.1010056 0.0735036 0.9902720
1738292973.208473 -3.7864544 -0.2132173 -0.3218563 0.0621408 0.0995878 0.0591611 0.9913228
1738292973.275161 -3.8175354 -0.2133282 -0.3384134 0.0585397 0.1189483 0.0681541 0.9888273
// Map 2
1738292975.009005 -3.7609460 -0.2036852 -0.3468328 0.0612904 0.1010056 0.0735036 0.9902720
1738292976.676148 -3.8810129 -0.2261756 -0.3545145 0.0456727 0.1244386 0.0890567 0.9871666
1738292976.809512 -3.8872564 -0.2282414 -0.3571019 0.0527951 0.1165403 0.0827314 0.9883251
1738292976.942874 -3.8962588 -0.2303705 -0.3585283 0.0616638 0.1110201 0.0808432 0.9886033
1738292977.142945 -3.9083838 -0.2316105 -0.3609469 0.0680526 0.1127515 0.0819886 0.9878936
1738292977.276323 -3.9188123 -0.2329548 -0.3628294 0.0646119 0.1194720 0.0846376 0.9871110
1738292977.343012 -3.9228766 -0.2338700 -0.3641518 0.0601518 0.1208575 0.0855225 0.9871480
1738292977.409700 -3.9281735 -0.2351219 -0.3648338 0.0568673 0.1215779 0.0879329 0.9870424
1738292977.743131 -3.9495163 -0.2391646 -0.3690817 0.0568792 0.1076282 0.0757370 0.9896690
1738292977.809816 -3.9545681 -0.2397968 -0.3700095 0.0601396 0.1051061 0.0745264 0.9898393
1738292977.943169 -3.9642210 -0.2405557 -0.3704639 0.0609345 0.1033938 0.0802337 0.9895248
1738292978.076724 -3.9725013 -0.2407410 -0.3712786 0.0558213 0.1005465 0.0900581 0.9892744
1738292978.210286 -3.9825859 -0.2433811 -0.3719004 0.0462612 0.0918891 0.0870626 0.9908766
1738292978.477433 -3.9973171 -0.2463197 -0.3750444 0.0507495 0.0920736 0.0864934 0.9906896
1738292978.611016 -4.0066767 -0.2480433 -0.3766813 0.0542057 0.0946889 0.0867848 0.9902344
1738292978.677810 -4.0110450 -0.2489075 -0.3775249 0.0573614 0.0962607 0.0881894 0.9897809
1738292978.811404 -4.0197363 -0.2498381 -0.3801730 0.0576323 0.1012953 0.0889304 0.9891962
1738292979.011726 -4.0339069 -0.2522213 -0.3833950 0.0446712 0.0983198 0.1008847 0.9890197
1738292979.145138 -4.0432568 -0.2534033 -0.3852525 0.0384978 0.0927936 0.0928831 0.9905958
1738292979.278548 -4.0521636 -0.2551679 -0.3860795 0.0414364 0.0922714 0.0891199 0.9908717
1738292979.411958 -4.0614800 -0.2562558 -0.3862882 0.0455493 0.0894277 0.0848049 0.9913304
1738292979.678774 -4.0798817 -0.2592666 -0.3848146 0.0403111 0.0864823 0.0949782 0.9908960
1738292979.812181 -4.0887456 -0.2615297 -0.3843019 0.0393933 0.0861076 0.0948271 0.9909801
1738292980.078997 -4.1048474 -0.2650254 -0.3852005 0.0514431 0.0874256 0.0877468 0.9909647
1738292980.212407 -4.1123338 -0.2663739 -0.3860721 0.0548645 0.0973450 0.0888713 0.9897554
1738292980.479223 -4.1286311 -0.2682474 -0.3880003 0.0455147 0.1221237 0.0898170 0.9873942
1738292980.746036 -4.1450748 -0.2714710 -0.3862276 0.0403446 0.1275833 0.0809540 0.9876949
1738292981.079550 -4.1654444 -0.2733384 -0.3812200 0.0354809 0.1208532 0.0986391 0.9871200
1738292981.212958 -4.1745458 -0.2760074 -0.3780355 0.0362286 0.1178071 0.1028645 0.9870299
1738292981.346364 -4.1853909 -0.2778928 -0.3758283 0.0377903 0.1086039 0.0936737 0.9889400
1738292981.479769 -4.1925187 -0.2790890 -0.3758708 0.0449406 0.1034869 0.0887918 0.9896398
1738292981.746576 -4.2108359 -0.2817351 -0.3733155 0.0435571 0.1165929 0.0883360 0.9882842
1738292981.879978 -4.2174911 -0.2830318 -0.3738894 0.0387136 0.1234567 0.0934483 0.9871814
1738292982.013382 -4.2284584 -0.2847784 -0.3729535 0.0354509 0.1265274 0.1037216 0.9858884
1738292982.213493 -4.2381563 -0.2864928 -0.3722772 0.0357152 0.1245361 0.0936459 0.9871401
1738292982.346899 -4.2459064 -0.2874241 -0.3708628 0.0351203 0.1184360 0.0896920 0.9882787
1738292982.480304 -4.2557917 -0.2888273 -0.3671898 0.0367621 0.1088916 0.0966744 0.9886583
1738292982.613707 -4.2651958 -0.2912436 -0.3634076 0.0373642 0.1006104 0.1019358 0.9889846
1738292982.747111 -4.2735729 -0.2932023 -0.3614465 0.0413761 0.0930778 0.1030061 0.9894515
1738292982.880512 -4.2817464 -0.2952693 -0.3597820 0.0406712 0.0871984 0.0986809 0.9904566
1738292983.013916 -4.2906194 -0.2972736 -0.3578153 0.0461294 0.0848723 0.0911963 0.9911367
1738292983.147323 -4.2995152 -0.2983934 -0.3560955 0.0459994 0.0853537 0.0879009 0.9913992
1738292983.280730 -4.3088341 -0.2998715 -0.3554087 0.0505549 0.0905059 0.0860610 0.9908817
1738292983.414135 -4.3186297 -0.3018661 -0.3549871 0.0521720 0.0949699 0.0814845 0.9907669
1738292983.547538 -4.3277702 -0.3038869 -0.3547162 0.0549327 0.0999761 0.0872050 0.9896376
1738292983.680941 -4.3374157 -0.3058903 -0.3535683 0.0502838 0.0988354 0.0772173 0.9908283
1738292983.814343 -4.3461814 -0.3076760 -0.3530416 0.0536938 0.0932517 0.0785063 0.9910892
1738292983.947743 -4.3558712 -0.3089370 -0.3516365 0.0539983 0.0843016 0.0700312 0.9925085
1738292984.081151 -4.3655400 -0.3101210 -0.3500977 0.0537195 0.0784281 0.0732869 0.9927700
1738292984.214558 -4.3745432 -0.3118860 -0.3476741 0.0503375 0.0739731 0.0850615 0.9923501
1738292984.347965 -4.3823414 -0.3141547 -0.3460746 0.0509768 0.0692244 0.0859611 0.9925825
1738292984.481369 -4.3910384 -0.3162422 -0.3454261 0.0530154 0.0674666 0.0860512 0.9925889
1738292984.614773 -4.3970833 -0.3167697 -0.3473325 0.0570636 0.0656933 0.0856038 0.9925221
1738292984.814876 -4.4104061 -0.3194548 -0.3460457 0.0596991 0.0661716 0.0856980 0.9923272
1738292984.948277 -4.4196410 -0.3209366 -0.3456033 0.0491506 0.0725666 0.0816211 0.9928023
1738292985.081684 -4.4287353 -0.3226720 -0.3449113 0.0440205 0.0816007 0.0775094 0.9926711
1738292985.281793 -4.4411445 -0.3249405 -0.3429819 0.0321557 0.0904506 0.0725641 0.9927332
1738292985.415199 -4.4503369 -0.3267150 -0.3410837 0.0318384 0.0948749 0.0695024 0.9925495
1738292985.481901 -4.4549546 -0.3275297 -0.3398227 0.0327400 0.0964106 0.0692123 0.9923925
1738292985.815406 -4.4786792 -0.3314646 -0.3306516 0.0335217 0.0908283 0.0901355 0.9912124
1738292985.948802 -4.4873128 -0.3339733 -0.3273026 0.0369281 0.0881822 0.0940214 0.9909694
1738292986.215984 -4.5036283 -0.3381247 -0.3224964 0.0425215 0.0844399 0.0804588 0.9922642
1738292986.349587 -4.5116363 -0.3392973 -0.3207952 0.0427892 0.0894305 0.0769124 0.9920967
1738292986.483200 -4.5200329 -0.3404684 -0.3196115 0.0454497 0.0980870 0.0783765 0.9910451
1738292986.550008 -4.5244427 -0.3409948 -0.3191277 0.0441273 0.1014497 0.0815806 0.9905076
1738292986.616819 -4.5290766 -0.3417630 -0.3184302 0.0375555 0.1045376 0.0831220 0.9903294
1738292986.683632 -4.5336065 -0.3425340 -0.3177601 0.0345358 0.1080045 0.0842883 0.9899686
1738292986.750447 -4.5377679 -0.3431496 -0.3173178 0.0327663 0.1097753 0.0893638 0.9893886
1738292986.817263 -4.5419602 -0.3437830 -0.3165919 0.0287908 0.1093833 0.0901976 0.9894800
1738292986.884082 -4.5460563 -0.3446751 -0.3155909 0.0251411 0.1111007 0.0863662 0.9897300
1738292986.950908 -4.5498734 -0.3455885 -0.3146596 0.0246899 0.1112358 0.0867617 0.9896916
1738292987.017629 -4.5536709 -0.3464058 -0.3136427 0.0255810 0.1126475 0.0875507 0.9894398
1738292987.084349 -4.5576801 -0.3471102 -0.3122857 0.0260888 0.1147877 0.0861224 0.9893059
1738292987.151070 -4.5615335 -0.3476443 -0.3106486 0.0275944 0.1154511 0.0862899 0.9891732
1738292987.217790 -4.5657959 -0.3485066 -0.3099592 0.0286423 0.1148591 0.0875244 0.9891039
1738292987.284511 -4.5701332 -0.3488898 -0.3084701 0.0318471 0.1126825 0.0894932 0.9890801
1738292987.551393 -4.5856209 -0.3552814 -0.2977010 0.0397539 0.0948099 0.0990639 0.9897560
1738292987.751554 -4.5981398 -0.3579527 -0.2925871 0.0374931 0.0827955 0.0875981 0.9920009
1738292988.018435 -4.6138458 -0.3607503 -0.2882139 0.0362733 0.0888730 0.0817421 0.9920202
1738292988.085158 -4.6179113 -0.3609739 -0.2871455 0.0386648 0.0915496 0.0827430 0.9916034
1738292988.218600 -4.6266303 -0.3626570 -0.2851734 0.0368248 0.0981992 0.0898405 0.9904189
1738292988.418763 -4.6383858 -0.3650646 -0.2818330 0.0298519 0.1148532 0.0928076 0.9885871
1738292988.552205 -4.6461740 -0.3662643 -0.2798212 0.0269742 0.1293923 0.0899737 0.9871346
1738292988.685648 -4.6537628 -0.3671758 -0.2768905 0.0308675 0.1381214 0.0870651 0.9860981
1738292988.819091 -4.6621823 -0.3680371 -0.2732615 0.0364569 0.1432497 0.0859533 0.9852728
1738292988.952533 -4.6701312 -0.3696314 -0.2685717 0.0359851 0.1447551 0.0905961 0.9846539
1738292989.085976 -4.6781659 -0.3705720 -0.2636635 0.0340582 0.1446736 0.0924400 0.9845631
1738292989.219419 -4.6834078 -0.3726031 -0.2599969 0.0395205 0.1451128 0.0891421 0.9845985
1738292989.619747 -4.7053628 -0.3779784 -0.2515719 0.0358659 0.1711472 0.0704739 0.9820671
1738292989.819912 -4.7181420 -0.3796749 -0.2464175 0.0315553 0.1831107 0.0768175 0.9795784
1738292989.953355 -4.7259998 -0.3817023 -0.2428294 0.0259536 0.1838322 0.0833359 0.9790747
1738292990.086794 -4.7335715 -0.3829375 -0.2400672 0.0282247 0.1839486 0.0785544 0.9793853
1738292990.220235 -4.7404704 -0.3842509 -0.2371280 0.0264989 0.1893615 0.0721540 0.9788942
1738292990.553834 -4.7561593 -0.3871220 -0.2285770 0.0301182 0.2042428 0.0886336 0.9744341
1738292990.687274 -4.7624540 -0.3892422 -0.2255027 0.0376343 0.2045405 0.0961545 0.9733967
1738292990.820715 -4.7696223 -0.3920351 -0.2219820 0.0400048 0.2036980 0.0918508 0.9738944
1738292990.954154 -4.7770100 -0.3936119 -0.2185268 0.0437320 0.2039100 0.0842167 0.9743797
1738292991.154312 -4.7882042 -0.3948524 -0.2143304 0.0471340 0.2092955 0.0801817 0.9734191
1738292991.354471 -4.8002443 -0.3964077 -0.2099136 0.0428247 0.2150942 0.0829025 0.9721254
1738292991.487909 -4.8079438 -0.3977054 -0.2067828 0.0338534 0.2149725 0.0919965 0.9716880
1738292991.621347 -4.8152323 -0.3994623 -0.2034826 0.0250302 0.2106404 0.0886340 0.9732153
1738292991.821506 -4.8255458 -0.4008399 -0.1981399 0.0219466 0.2030478 0.0828044 0.9754145
1738292991.954944 -4.8318691 -0.4033183 -0.1945358 0.0241196 0.1976602 0.0807811 0.9766387
1738292992.221819 -4.8455801 -0.4045795 -0.1845929 0.0270355 0.1805823 0.0972862 0.9783632
1738292992.355257 -4.8513646 -0.4061473 -0.1804637 0.0305276 0.1696423 0.1042804 0.9794974
1738292992.555413 -4.8617873 -0.4092929 -0.1737773 0.0362270 0.1568946 0.1021914 0.9816459
1738292992.688850 -4.8681517 -0.4106905 -0.1699462 0.0376162 0.1515379 0.0964987 0.9830104
1738292992.822287 -4.8750176 -0.4113489 -0.1661029 0.0365510 0.1485513 0.0945107 0.9836993
1738292993.022445 -4.8860908 -0.4127752 -0.1614150 0.0380328 0.1472057 0.0993484 0.9833686
1738292993.155885 -4.8936744 -0.4139870 -0.1579787 0.0324228 0.1487744 0.1003378 0.9832331
1738292993.289325 -4.8988976 -0.4157081 -0.1553908 0.0293343 0.1538640 0.1022392 0.9823505
1738292993.556206 -4.9121704 -0.4187135 -0.1490694 0.0314204 0.1532099 0.0927201 0.9833323
1738292993.956528 -4.9343657 -0.4229036 -0.1362150 0.0346613 0.1297256 0.0986628 0.9860201
1738292994.156690 -4.9447813 -0.4262453 -0.1312723 0.0397770 0.1251854 0.0960777 0.9866689
1738292994.557016 -4.9662752 -0.4307028 -0.1215935 0.0432004 0.1257569 0.0889107 0.9871240
1738292994.757179 -4.9765635 -0.4316640 -0.1182527 0.0395985 0.1400317 0.1000271 0.9842854
1738292994.957342 -4.9853611 -0.4341966 -0.1150847 0.0308193 0.1533858 0.0977352 0.9828382
1738292995.157504 -4.9953694 -0.4360775 -0.1107261 0.0285084 0.1531410 0.0872527 0.9839320
1738292995.557828 -5.0150604 -0.4387765 -0.0982335 0.0314398 0.1584288 0.0962693 0.9821630
1738292995.958151 -5.0333052 -0.4456818 -0.0848617 0.0379741 0.1617556 0.0876916 0.9821931
1738292996.158319 -5.0423260 -0.4464110 -0.0792566 0.0364947 0.1638932 0.0851465 0.9821187
1738292996.358486 -5.0519624 -0.4484859 -0.0737990 0.0394537 0.1741095 0.0901899 0.9797934
1738292996.558653 -5.0610919 -0.4502939 -0.0679505 0.0326571 0.1789088 0.0958674 0.9786392
1738292996.758822 -5.0706902 -0.4529990 -0.0615768 0.0282619 0.1673811 0.0914809 0.9812319
1738292997.159156 -5.0896225 -0.4564894 -0.0458158 0.0455745 0.1466931 0.1032237 0.9827253
1738292997.359322 -5.0983944 -0.4608296 -0.0382231 0.0626006 0.1291113 0.1082094 0.9837186
1738292997.559488 -5.1085973 -0.4636581 -0.0307474 0.0589434 0.1117880 0.0942560 0.9874943
1738292997.759654 -5.1188445 -0.4663782 -0.0252532 0.0599698 0.1036277 0.0918882 0.9885452
1738292997.959820 -5.1291809 -0.4661978 -0.0210961 0.0595385 0.1052773 0.0965606 0.9879514
1738292998.159982 -5.1395397 -0.4675057 -0.0175580 0.0565061 0.1053972 0.1112383 0.9865721
1738292998.827188 -5.1709270 -0.4753962 -0.0008285 0.0518813 0.0791909 0.1062290 0.9898245
1738292999.161290 -5.1867456 -0.4795025 0.0073730 0.0586789 0.0653979 0.1058132 0.9904966
1738292999.428842 -5.1986413 -0.4816247 0.0124411 0.0590769 0.0623810 0.0981670 0.9914544
1738292999.629527 -5.2083678 -0.4821310 0.0155679 0.0604886 0.0644960 0.1050406 0.9905291
1738292999.763326 -5.2150221 -0.4841025 0.0176038 0.0572621 0.0633566 0.1142717 0.9897722
1738292999.897135 -5.2227473 -0.4856176 0.0192126 0.0532779 0.0577772 0.1198079 0.9896814
1738293000.030720 -5.2299500 -0.4873463 0.0208951 0.0468127 0.0542069 0.1157529 0.9906924
1738293000.164127 -5.2377319 -0.4887268 0.0222910 0.0499270 0.0469919 0.1086021 0.9917181
1738293000.297535 -5.2432847 -0.4895431 0.0233326 0.0525587 0.0401117 0.1011786 0.9926689
1738293000.697750 -5.2655072 -0.4937440 0.0298695 0.0580603 0.0163048 0.1059708 0.9925389
1738293000.831152 -5.2729487 -0.4962631 0.0310128 0.0668821 0.0058931 0.1069237 0.9919977
1738293000.964556 -5.2797098 -0.4980421 0.0326495 0.0672786 -0.0013033 0.0952370 0.9931777
1738293001.298093 -5.2971225 -0.5004085 0.0345699 0.0688807 -0.0000641 0.0901402 0.9935443
1738293001.431506 -5.3046989 -0.5015047 0.0348678 0.0662972 0.0036275 0.0895923 0.9937629
1738293001.698330 -5.3176961 -0.5037763 0.0351708 0.0530522 0.0153442 0.0941857 0.9940217
1738293002.031855 -5.3354464 -0.5062563 0.0382785 0.0507196 0.0124429 0.0821795 0.9952483
1738293002.165264 -5.3429704 -0.5072791 0.0407647 0.0505385 0.0101173 0.0838011 0.9951487
1738293002.298672 -5.3505630 -0.5092990 0.0432665 0.0460918 0.0072964 0.0897398 0.9948714
1738293002.498783 -5.3619089 -0.5125045 0.0458163 0.0528765 0.0052492 0.0865127 0.9948327
1738293003.032405 -5.3906293 -0.5168875 0.0492558 0.0525646 0.0203982 0.0885883 0.9944712
1738293003.566049 -5.4198852 -0.5218014 0.0518459 0.0493877 0.0199993 0.0893840 0.9945710
1738293003.699457 -5.4272385 -0.5230004 0.0530520 0.0520188 0.0189228 0.0889624 0.9944957
1738293003.832865 -5.4353666 -0.5237929 0.0549827 0.0490013 0.0166329 0.0937735 0.9942479
1738293003.966271 -5.4438953 -0.5265165 0.0561433 0.0540420 0.0121622 0.0967844 0.9937627
1738293004.233085 -5.4573779 -0.5301652 0.0574602 0.0631310 0.0033937 0.0869006 0.9942089
1738293004.366490 -5.4657097 -0.5304037 0.0584536 0.0639208 0.0046970 0.0857841 0.9942501
1738293004.699998 -5.4860582 -0.5336445 0.0583521 0.0583964 0.0093602 0.1009588 0.9931312
1738293004.833398 -5.4937124 -0.5348447 0.0584178 0.0558021 0.0127786 0.0993378 0.9934057
1738293005.166917 -5.5111833 -0.5382177 0.0605107 0.0588944 0.0213397 0.0822428 0.9946417
1738293005.367031 -5.5204644 -0.5392705 0.0631174 0.0563145 0.0357246 0.0918558 0.9935366
1738293005.633847 -5.5323977 -0.5429255 0.0657044 0.0641164 0.0423243 0.0956324 0.9924476
1738293006.034068 -5.5509739 -0.5460070 0.0680674 0.0681112 0.0639395 0.0873283 0.9917895
1738293006.234185 -5.5603123 -0.5470421 0.0679376 0.0613818 0.0790455 0.0899254 0.9909074
1738293006.567707 -5.5723600 -0.5504377 0.0689253 0.0557350 0.1002630 0.0889705 0.9894065
1738293006.701114 -5.5772367 -0.5503857 0.0698707 0.0574009 0.1041151 0.0878721 0.9890115
1738293007.034631 -5.5909986 -0.5527414 0.0751041 0.0480987 0.1100995 0.0966860 0.9880367
1738293007.368153 -5.6049514 -0.5566255 0.0793771 0.0561810 0.1096013 0.0961584 0.9877170
1738293008.502096 -5.6576738 -0.5646911 0.0881605 0.0442894 0.1347735 0.0819177 0.9864908
1738293008.702199 -5.6667986 -0.5666670 0.0922868 0.0472812 0.1351848 0.0877669 0.9857923
1738293008.902300 -5.6767678 -0.5693453 0.0965210 0.0555600 0.1357445 0.0963304 0.9844831
1738293009.369226 -5.6977143 -0.5747155 0.1030041 0.0613100 0.1404905 0.0785059 0.9850585
1738293009.569337 -5.7078810 -0.5760377 0.1050343 0.0623528 0.1435501 0.0824834 0.9842266
1738293009.769444 -5.7184672 -0.5784106 0.1071654 0.0524535 0.1442239 0.0889893 0.9841387
1738293009.969550 -5.7276964 -0.5798502 0.1090804 0.0478901 0.1397643 0.0891965 0.9849957
1738293010.303062 -5.7442708 -0.5818295 0.1143870 0.0504311 0.1172423 0.0816094 0.9884588
1738293010.636567 -5.7628732 -0.5850797 0.1226266 0.0504619 0.0963031 0.0925569 0.9897538
1738293010.769967 -5.7702217 -0.5871322 0.1248409 0.0518074 0.0888214 0.0878855 0.9908092
1738293010.970066 -5.7795587 -0.5896158 0.1285202 0.0533624 0.0775245 0.0775875 0.9925334
1738293011.236882 -5.7932801 -0.5914187 0.1307092 0.0514281 0.0747823 0.0774738 0.9928548
1738293011.370288 -5.8009520 -0.5922423 0.1317322 0.0447376 0.0764835 0.0852157 0.9924148
1738293011.503693 -5.8075466 -0.5932410 0.1323038 0.0402032 0.0725755 0.0936727 0.9921401
1738293011.637098 -5.8131213 -0.5947896 0.1336745 0.0357282 0.0685396 0.0915380 0.9927974
1738293011.770501 -5.8191385 -0.5950596 0.1347824 0.0358510 0.0669836 0.0902757 0.9930147
1738293011.970604 -5.8278093 -0.5969194 0.1371756 0.0421207 0.0585358 0.0968376 0.9926842
1738293012.104014 -5.8340459 -0.5974945 0.1388618 0.0386265 0.0501092 0.1015619 0.9928153
1738293012.237422 -5.8399343 -0.5993001 0.1411825 0.0368246 0.0392862 0.1075923 0.9927359
1738293012.504235 -5.8513412 -0.6024061 0.1428804 0.0533571 -0.0042180 0.1067219 0.9928473
1738293012.637641 -5.8566761 -0.6040086 0.1436794 0.0547195 -0.0263635 0.1006372 0.9930674
1738293012.837746 -5.8626900 -0.6059737 0.1443002 0.0522334 -0.0489909 0.0884370 0.9935042
1738293012.971150 -5.8675332 -0.6063163 0.1444374 0.0513115 -0.0596529 0.0804523 0.9936479
1738293013.371382 -5.8769436 -0.6067575 0.1412356 0.0529965 -0.0665337 0.0788236 0.9932530
1738293013.571495 -5.8810577 -0.6072742 0.1400446 0.0450462 -0.0645002 0.0734395 0.9941918
1738293014.038420 -5.8867474 -0.6079465 0.1394750 0.0452007 -0.0740735 0.0723201 0.9935994
1738293014.371946 -5.8910899 -0.6093922 0.1399004 0.0506666 -0.1026179 0.0676164 0.9911259
1738293014.505354 -5.8919477 -0.6095192 0.1402225 0.0522573 -0.1085388 0.0672311 0.9904385
1738293014.638762 -5.8934898 -0.6096611 0.1402076 0.0536819 -0.1142344 0.0634426 0.9899716
1738293014.838871 -5.8939772 -0.6098521 0.1402042 0.0553737 -0.1253509 0.0579406 0.9888700
