1738292928.591777 -1.4995267 11.0811806 -0.1000681 -0.6731432 0.0167155 -0.0006856 0.7393230
1738292928.859917 -1.6404160 11.1086025 -0.0905685 -0.6664920 0.0030286 0.0131389 0.7453902
1738292929.127082 -1.8108144 11.1117620 -0.1037827 -0.6655681 -0.0005171 0.0138538 0.7462085
1738292929.459185 -2.0382636 11.0955725 -0.0957022 -0.6789514 0.0252694 0.0178064 0.7335322
1738292930.053612 -2.4635715 11.1425695 -0.1114874 -0.6865169 0.0160531 -0.0113330 0.7268483
1738292930.585261 -2.8360028 11.1874886 -0.0967464 -0.6840528 0.0118383 -0.0169967 0.7291384
1738292932.241545 -4.0338993 11.2870007 -0.0782299 -0.6807118 0.0255686 -0.0324264 0.7313865
1738292932.441261 -4.1890635 11.2803764 -0.0708141 -0.6862642 0.0287518 -0.0300053 0.7261643
1738292932.774032 -4.4049158 11.2910566 -0.0664682 -0.6844279 0.0272708 -0.0344124 0.7277573
1738292932.973783 -4.5390821 11.3166447 -0.0742636 -0.6824172 0.0293002 -0.0255145 0.7299297
1738292933.240369 -4.7111659 11.3522243 -0.0579739 -0.6820580 0.0343976 -0.0330762 0.7297394
1738292933.373653 -4.7886505 11.3612099 -0.0544472 -0.6788379 0.0294935 -0.0429572 0.7324370
1738292933.506933 -4.8665652 11.3701315 -0.0559349 -0.6790866 0.0287723 -0.0434730 0.7322047
1738292933.840111 -5.0856557 11.3769598 -0.0637293 -0.6843547 0.0438768 -0.0473406 0.7262867
1738292934.106868 -5.2552214 11.3888884 -0.0632772 -0.6894421 0.0461975 -0.0582813 0.7205129
1738292934.240281 -5.3334579 11.4007711 -0.0648928 -0.6892174 0.0416171 -0.0618031 0.7207134
1738292934.373698 -5.4076099 11.4183512 -0.0688944 -0.6864907 0.0429951 -0.0613117 0.7232723
1738292935.707656 -6.1603088 11.5151596 -0.0499687 -0.6773758 0.0435390 -0.0708681 0.7309200
1738292935.841031 -6.2385077 11.5180817 -0.0507240 -0.6727589 0.0366452 -0.0684088 0.7357804
1738292935.907731 -6.2768564 11.5241690 -0.0527058 -0.6708439 0.0374485 -0.0636597 0.7379116
1738292936.174712 -6.4597759 11.5702276 -0.0650196 -0.6748050 0.0453395 -0.0482855 0.7350177
1738292936.308217 -6.5492201 11.5897093 -0.0541000 -0.6774177 0.0447078 -0.0441575 0.7329097
1738292936.441729 -6.6322637 11.6048594 -0.0419579 -0.6733410 0.0395003 -0.0485042 0.7366810
1738292936.575250 -6.7099066 11.6186161 -0.0390453 -0.6701520 0.0448316 -0.0513046 0.7390901
1738292937.309272 -7.1878562 11.6740179 -0.0392923 -0.6760581 0.0649926 -0.0810849 0.7294838
1738292939.846937 -8.8397818 11.9774828 -0.0307789 -0.6705469 0.0198285 -0.0291951 0.7410272
1738292942.648696 -10.8939180 12.2277145 0.0282621 -0.6628048 0.0226752 -0.0096568 0.7483866
1738292944.116814 -11.9070711 12.2820606 0.0459967 -0.6708408 0.0357259 -0.0238353 0.7403569
1738292945.184197 -12.6396446 12.3048506 0.0470705 -0.6570841 0.0492330 -0.0373319 0.7512809
1738292945.317754 -12.7383575 12.3249035 0.0438023 -0.6610758 0.0446184 -0.0218057 0.7486739
1738292945.451317 -12.8354216 12.3421335 0.0553637 -0.6593396 0.0421473 -0.0126508 0.7505564
1738292945.785252 -13.0460320 12.3648643 0.0687857 -0.6509674 0.0401860 -0.0317179 0.7573774
1738292945.918803 -13.1431675 12.3715734 0.0643101 -0.6513803 0.0402344 -0.0362444 0.7568166
1738292946.118913 -13.3036966 12.3798227 0.0627937 -0.6568192 0.0448672 -0.0402477 0.7516354
1738292946.252319 -13.3979645 12.3823862 0.0646038 -0.6621261 0.0606623 -0.0367871 0.7460268
1738292946.385723 -13.4936104 12.3903780 0.0701160 -0.6648188 0.0567301 -0.0464469 0.7433979
1738292946.852629 -13.8354053 12.4597235 0.0525961 -0.6643606 0.0543138 -0.0474203 0.7439263
1738292948.320091 -14.8377771 12.5916805 0.0550070 -0.6738225 0.0530001 -0.0577732 0.7347221
1738292948.720300 -15.1138887 12.6255331 0.0722256 -0.6734755 0.0413520 -0.0392393 0.7370082
1738292949.120521 -15.4116058 12.6396828 0.0622091 -0.6757986 0.0417845 -0.0361266 0.7350138
1738292949.253928 -15.5142660 12.6380491 0.0667191 -0.6823178 0.0470014 -0.0290732 0.7289637
1738292950.790406 -16.6517105 12.7452507 0.0970526 -0.6782663 0.0378477 -0.0273255 0.7333319
1738292950.990665 -16.7927017 12.7474070 0.1063251 -0.6737054 0.0341513 -0.0368410 0.7372907
1738292951.124044 -16.8802853 12.7571764 0.1048222 -0.6728998 0.0346891 -0.0388662 0.7378969
1738292951.524168 -17.1778774 12.8263054 0.1103010 -0.6682620 0.0404603 -0.0237833 0.7424441
1738292951.724222 -17.3219433 12.8536320 0.1191750 -0.6665780 0.0373983 -0.0285067 0.7439507
1738292951.857590 -17.4118023 12.8688650 0.1153822 -0.6663356 0.0374280 -0.0370192 0.7437915
1738292952.057661 -17.5534611 12.8831282 0.1005545 -0.6695719 0.0538100 -0.0467436 0.7393193
1738292952.257728 -17.6980801 12.8956976 0.1047297 -0.6793663 0.0730231 -0.0491007 0.7285042
1738292952.524476 -17.8789940 12.9191608 0.1107407 -0.6829516 0.0702759 -0.0565995 0.7248690
1738292952.791216 -18.0584583 12.9459572 0.1059532 -0.6753166 0.0682021 -0.0469907 0.7328628
1738292952.924591 -18.1570950 12.9629307 0.1140785 -0.6756003 0.0636379 -0.0415030 0.7333430
1738292953.124660 -18.2960739 12.9841909 0.1321135 -0.6687975 0.0506163 -0.0366070 0.7408157
1738292953.258036 -18.3827457 12.9995413 0.1322012 -0.6689402 0.0448253 -0.0401381 0.7408770
1738292953.458098 -18.5178032 13.0113249 0.1265039 -0.6666448 0.0517654 -0.0455457 0.7421797
1738292953.724838 -18.7127876 13.0247364 0.1253328 -0.6723914 0.0691231 -0.0546924 0.7349289
1738292954.058278 -18.9467583 13.0643492 0.1230412 -0.6797915 0.0634192 -0.0673589 0.7275468
1738292954.258344 -19.0901623 13.1111040 0.1155767 -0.6780154 0.0613336 -0.0599360 0.7300280
1738292954.658464 -19.3936691 13.2075663 0.1359110 -0.6784604 0.0488169 -0.0501197 0.7312978
1738292954.858516 -19.5342178 13.2281199 0.1374207 -0.6742180 0.0378140 -0.0479953 0.7360005
1738292955.125636 -19.7346630 13.2346182 0.1287527 -0.6755269 0.0471779 -0.0449219 0.7344521
1738292955.259206 -19.8332157 13.2367172 0.1351290 -0.6803941 0.0512372 -0.0417620 0.7298593
1738292955.459574 -19.9766121 13.2434301 0.1375360 -0.6849509 0.0461039 -0.0401148 0.7260217
1738292955.726757 -20.1719265 13.2655878 0.1298122 -0.6846318 0.0333985 -0.0361837 0.7272239
1738292955.927064 -20.3366451 13.2916937 0.1294842 -0.6859052 0.0346535 -0.0248433 0.7264407
1738292956.060475 -20.4419079 13.3104830 0.1383524 -0.6855881 0.0258433 -0.0209197 0.7272300
1738292956.327293 -20.6264553 13.3256531 0.1491117 -0.6784635 0.0256232 -0.0285907 0.7336302
1738292956.460700 -20.7252483 13.3251591 0.1464062 -0.6760778 0.0211568 -0.0303303 0.7359017
1738292956.594107 -20.8308353 13.3203897 0.1437149 -0.6761991 0.0244323 -0.0244312 0.7359083
1738292956.860917 -21.0403652 13.3144112 0.1471548 -0.6902897 0.0169971 -0.0172948 0.7231267
1738292957.061034 -21.1797409 13.2996073 0.1497822 -0.6880666 0.0104299 -0.0141479 0.7254347
1738292957.194445 -21.2745533 13.2915936 0.1482182 -0.6833338 0.0033858 -0.0086987 0.7300465
1738292957.327854 -21.3728485 13.2925005 0.1434851 -0.6837157 -0.0007996 -0.0036984 0.7297387
1738292957.461262 -21.4698086 13.2939634 0.1462603 -0.6871890 0.0039176 0.0070095 0.7264344
1738292957.728076 -21.6459999 13.2891703 0.1626377 -0.6859611 -0.0038237 0.0075599 0.7275889
1738292957.861481 -21.7282715 13.2791023 0.1672077 -0.6831701 -0.0080825 0.0047277 0.7301993
1738292957.994893 -21.8151188 13.2577276 0.1639929 -0.6794886 -0.0077247 0.0045521 0.7336313
1738292958.261715 -22.0098667 13.2186422 0.1514645 -0.6846746 0.0070672 0.0082315 0.7287682
1738292958.395124 -22.1026382 13.1951694 0.1548700 -0.6888799 0.0066305 0.0128965 0.7247304
1738292958.528533 -22.1986980 13.1805582 0.1578722 -0.6913033 -0.0041709 0.0089197 0.7224978
1738292958.728644 -22.3372135 13.1567392 0.1538439 -0.6886498 -0.0171122 0.0134167 0.7247680
1738292958.862050 -22.4273949 13.1450300 0.1451445 -0.6837608 -0.0121973 0.0131193 0.7294863
1738292959.062168 -22.5782623 13.1367569 0.1448135 -0.6888578 -0.0110848 0.0226605 0.7244575
1738292959.195579 -22.6747150 13.1200104 0.1609831 -0.6855924 -0.0147326 0.0323096 0.7271191
1738292959.395694 -22.8110275 13.1016464 0.1697836 -0.6810858 -0.0313101 0.0290582 0.7309566
1738292959.595806 -22.9424820 13.0718460 0.1646061 -0.6786524 -0.0401702 0.0292076 0.7327784
1738292959.795917 -23.0933933 13.0267916 0.1575365 -0.6773027 -0.0466811 0.0389504 0.7331882
1738292959.929326 -23.1959419 12.9999266 0.1618195 -0.6835737 -0.0466505 0.0425357 0.7271461
1738292960.062737 -23.2960110 12.9689550 0.1651411 -0.6865429 -0.0584229 0.0431880 0.7234504
1738292960.262851 -23.4220963 12.9357185 0.1704044 -0.6851746 -0.0601732 0.0444689 0.7245256
1738292960.396261 -23.5068989 12.9115543 0.1647034 -0.6808153 -0.0576765 0.0439085 0.7288594
1738292960.529668 -23.6012077 12.8908405 0.1599197 -0.6792099 -0.0507589 0.0471093 0.7306697
1738292960.663074 -23.7011337 12.8716097 0.1577597 -0.6825892 -0.0482397 0.0546345 0.7271588
1738292960.796479 -23.7960587 12.8464775 0.1714125 -0.6798820 -0.0456272 0.0661092 0.7289089
1738292960.996594 -23.9306889 12.8075333 0.1878138 -0.6740424 -0.0521071 0.0675307 0.7337516
1738292961.130005 -24.0152969 12.7811203 0.1826630 -0.6716411 -0.0521240 0.0631215 0.7363403
1738292961.263415 -24.1067810 12.7442102 0.1768293 -0.6713364 -0.0452057 0.0574844 0.7375362
1738292961.396824 -24.2014942 12.7060194 0.1753759 -0.6763992 -0.0347042 0.0545399 0.7336929
1738292961.530232 -24.2977371 12.6689301 0.1732941 -0.6787636 -0.0291660 0.0510466 0.7319997
1738292961.730341 -24.4281559 12.6231976 0.1780109 -0.6857932 -0.0319755 0.0501032 0.7253653
1738292961.930609 -24.5622425 12.5802078 0.1761065 -0.6825539 -0.0345230 0.0500469 0.7283019
1738292962.131205 -24.7053623 12.5407476 0.1658087 -0.6754999 -0.0280043 0.0558392 0.7347093
1738292962.264945 -24.8077106 12.5138283 0.1717138 -0.6752290 -0.0245724 0.0679174 0.7340636
1738292962.465568 -24.9416656 12.4678802 0.1975517 -0.6667119 -0.0307299 0.0780825 0.7405769
1738292963.200309 -25.4319439 12.2437305 0.1993084 -0.6734071 -0.0299270 0.0665921 0.7356581
1738292963.333685 -25.5185928 12.2066374 0.2029848 -0.6742472 -0.0382575 0.0620244 0.7349014
1738292963.467060 -25.6009674 12.1826658 0.1994915 -0.6734796 -0.0458860 0.0593321 0.7353907
1738292963.600433 -25.6847935 12.1651230 0.1892834 -0.6731223 -0.0512807 0.0611464 0.7352128
1738292963.867172 -25.8815269 12.1336365 0.1936197 -0.6805480 -0.0451098 0.0708400 0.7278746
1738292964.000554 -25.9802055 12.1041727 0.2040844 -0.6737806 -0.0464003 0.0800458 0.7331163
1738292966.535642 -27.6815529 11.6096544 0.2315350 -0.6739761 0.0129605 -0.0039460 0.7386290
1738292967.136437 -28.1025066 11.5282173 0.2256203 -0.6711346 0.0163070 0.0153262 0.7409977
1738292967.269846 -28.1884079 11.5010929 0.2380810 -0.6646628 0.0036530 0.0145836 0.7469922
1738292967.403254 -28.2652740 11.4817810 0.2409554 -0.6628226 0.0027629 0.0105959 0.7486964
1738292967.603363 -28.3833027 11.4482164 0.2356586 -0.6613480 0.0146500 0.0033046 0.7499288
1738292967.736768 -28.4620686 11.4179401 0.2313967 -0.6601232 0.0312700 -0.0011681 0.7505054
1738292967.870173 -28.5385933 11.3957710 0.2307444 -0.6679179 0.0478249 -0.0092066 0.7426397
1738292968.003583 -28.6138401 11.3772707 0.2317734 -0.6750485 0.0520592 -0.0174443 0.7357275
1738292968.203697 -28.7257462 11.3616180 0.2355118 -0.6751963 0.0539448 -0.0293123 0.7350787
1738292968.403810 -28.8440514 11.3589211 0.2296076 -0.6727028 0.0589068 -0.0359444 0.7366879
1738292968.603919 -28.9777031 11.3710861 0.2247205 -0.6761598 0.0668337 -0.0394027 0.7326586
1738292968.804025 -29.1104908 11.3754492 0.2429919 -0.6701047 0.0692696 -0.0421931 0.7378219
1738292969.004138 -29.2354317 11.3782578 0.2519169 -0.6636333 0.0601008 -0.0546995 0.7436307
1738292969.204250 -29.3573856 11.3826399 0.2455053 -0.6623745 0.0678101 -0.0644715 0.7433070
1738292969.404360 -29.4951706 11.3787384 0.2376947 -0.6632589 0.0782986 -0.0725010 0.7407433
1738292969.537765 -29.5829258 11.3788338 0.2422614 -0.6680029 0.0868832 -0.0727018 0.7354848
1738292969.937957 -29.8297939 11.3932514 0.2418904 -0.6702932 0.0869327 -0.0863785 0.7319075
1738292970.138547 -29.9402313 11.4267998 0.2524776 -0.6725417 0.0956192 -0.0835197 0.7290879
1738292970.339153 -30.0555763 11.4483719 0.2716742 -0.6763667 0.1010053 -0.0604366 0.7270994
1738292970.539775 -30.1714840 11.4632835 0.2736564 -0.6733271 0.0818839 -0.0593085 0.7323989
1738292970.673531 -30.2477074 11.4723530 0.2749772 -0.6747901 0.0707912 -0.0575091 0.7323522
1738292970.807294 -30.3314190 11.4751606 0.2751961 -0.6752359 0.0647298 -0.0546051 0.7327243
1738292970.874178 -30.3768177 11.4749632 0.2746716 -0.6751258 0.0650280 -0.0531708 0.7329047
1738292970.941116 -30.4254627 11.4705229 0.2727642 -0.6738298 0.0681679 -0.0564010 0.7335704
1738292971.007807 -30.4840393 11.4703770 0.2757826 -0.6725200 0.0789600 -0.0595362 0.7334423
1738292971.074496 -30.5373039 11.4740648 0.2825294 -0.6717421 0.0837419 -0.0612879 0.7334805
1738292971.141184 -30.5869408 11.4760036 0.2913723 -0.6708159 0.0899320 -0.0575303 0.7338995
1738292971.207872 -30.6328793 11.4796200 0.2991657 -0.6730645 0.0904312 -0.0554902 0.7319338
1738292971.274559 -30.6798038 11.4852428 0.3125796 -0.6765105 0.0849812 -0.0604953 0.7290076
1738292971.341246 -30.7255249 11.4884882 0.3299990 -0.6789567 0.0870362 -0.0593489 0.7265813
1738292971.407932 -30.7771797 11.4968767 0.3414421 -0.6736707 0.0936350 -0.0600084 0.7306157
1738292971.474618 -30.8250351 11.5094681 0.3569622 -0.6753563 0.0926284 -0.0599061 0.7291949
1738292971.541304 -30.8697681 11.5244179 0.3698945 -0.6748087 0.0897074 -0.0610523 0.7299716
1738292971.607988 -30.9115582 11.5447474 0.3798561 -0.6733418 0.0876773 -0.0605110 0.7316160
1738292971.674672 -30.9540939 11.5680332 0.3857360 -0.6711141 0.0843435 -0.0622515 0.7339053
1738292971.808038 -31.0333805 11.5962753 0.3930197 -0.6699848 0.0878653 -0.0601351 0.7346998
1738292971.874721 -31.0733452 11.6073170 0.3956299 -0.6719497 0.0890742 -0.0573370 0.7329815
1738292971.941400 -31.1146431 11.6146297 0.3978057 -0.6722797 0.0866416 -0.0575740 0.7329519
1738292972.008092 -31.1549072 11.6198320 0.3997025 -0.6697040 0.0847844 -0.0574319 0.7355337
1738292972.141474 -31.2349567 11.6240864 0.4017138 -0.6669714 0.0810693 -0.0649134 0.7378097
1738292972.208164 -31.2710171 11.6320248 0.4040065 -0.6663867 0.0831726 -0.0682561 0.7378023
1738292972.474918 -31.4348793 11.6631994 0.4091048 -0.6616766 0.0870746 -0.0754834 0.7408808
1738292972.541605 -31.4799328 11.6629210 0.4088163 -0.6598292 0.0929263 -0.0744008 0.7419264
1738292972.608293 -31.5284977 11.6639252 0.4084325 -0.6612751 0.0965986 -0.0756502 0.7400412
1738292972.808350 -31.6648846 11.6702938 0.4194074 -0.6638927 0.1049405 -0.0800062 0.7360932
1738292973.008407 -31.7812519 11.6818323 0.4295144 -0.6647321 0.1058690 -0.0875631 0.7343404
1738292973.341847 -31.9750881 11.7258148 0.4266062 -0.6606740 0.1067033 -0.0881505 0.7378033
1738292973.608589 -32.1423569 11.7794676 0.4419923 -0.6659371 0.1162319 -0.0903191 0.7313416
1738292974.075385 -32.4278221 11.8283939 0.4603853 -0.6571924 0.1268397 -0.1187594 0.7334208
1738292974.142075 -32.4751015 11.8297319 0.4595275 -0.6555488 0.1315562 -0.1202161 0.7338235
1738292974.408831 -32.6666832 11.8423662 0.4739323 -0.6599652 0.1370763 -0.1248810 0.7280527
1738292974.542206 -32.7489052 11.8546257 0.4822774 -0.6623296 0.1328300 -0.1280691 0.7261364
1738292974.675578 -32.8326759 11.8677559 0.4809494 -0.6634095 0.1261860 -0.1265432 0.7266029
1738292975.009005 -33.0537491 11.9145164 0.4832621 -0.6644633 0.1318482 -0.1196391 0.7258038
1738292975.675872 -33.5124893 11.9301977 0.5174403 -0.6526348 0.1344702 -0.1266372 0.7348120
1738292975.809239 -33.6078568 11.9266911 0.5195408 -0.6566744 0.1443888 -0.1303794 0.7286507
1738292975.942602 -33.7125740 11.9229298 0.5266123 -0.6603671 0.1496038 -0.1337754 0.7236285
1738292976.075979 -33.8053131 11.9301090 0.5314069 -0.6643749 0.1408105 -0.1398169 0.7205759
1738292976.209353 -33.8871918 11.9407625 0.5358648 -0.6654938 0.1348562 -0.1403370 0.7205812
1738292976.342727 -33.9746666 11.9556761 0.5332661 -0.6680658 0.1338204 -0.1378677 0.7188690
1738292977.142945 -34.5171623 11.9998722 0.5639458 -0.6567466 0.1401068 -0.1179695 0.7315308
1738292977.276323 -34.6218071 11.9903479 0.5607524 -0.6577889 0.1468322 -0.1206388 0.7288350
1738292977.409700 -34.7278481 11.9831257 0.5662909 -0.6625527 0.1512224 -0.1198280 0.7237381
1738292977.543074 -34.8209457 11.9776783 0.5733991 -0.6657411 0.1460470 -0.1198006 0.7218773
1738292977.676446 -34.9137535 11.9734325 0.5794263 -0.6663195 0.1387072 -0.1189658 0.7229287
1738292977.809816 -34.9985466 11.9673882 0.5782080 -0.6639831 0.1291607 -0.1167603 0.7271939
1738292978.009946 -35.1396675 11.9717388 0.5702987 -0.6636221 0.1353321 -0.1071754 0.7278767
1738292978.143504 -35.2371254 11.9854803 0.5749378 -0.6745125 0.1332759 -0.0984515 0.7194288
1738292978.277070 -35.3338776 11.9915047 0.5874786 -0.6760499 0.1285951 -0.0967130 0.7190734
1738292978.410643 -35.4194946 11.9931002 0.5959592 -0.6725787 0.1286943 -0.0986531 0.7220411
1738292978.544223 -35.5011292 11.9852848 0.5944295 -0.6708591 0.1300641 -0.0996301 0.7232602
1738292978.677810 -35.5964050 11.9738626 0.5953326 -0.6663449 0.1324481 -0.1002778 0.7269018
1738292978.811404 -35.6955872 11.9635334 0.5989795 -0.6652839 0.1366041 -0.1032492 0.7266886
1738292978.945019 -35.8005333 11.9545956 0.6033998 -0.6697504 0.1428017 -0.0980909 0.7220944
1738292979.078432 -35.9063988 11.9491520 0.6052208 -0.6782336 0.1392104 -0.0937219 0.7154272
1738292979.211843 -35.9958839 11.9524174 0.6137743 -0.6786796 0.1341234 -0.0949108 0.7158190
1738292979.345253 -36.0846100 11.9584179 0.6155305 -0.6779547 0.1283169 -0.0969088 0.7173012
1738292979.478662 -36.1754494 11.9696083 0.6156182 -0.6754423 0.1273615 -0.0949532 0.7200977
1738292979.612071 -36.2721901 11.9886761 0.6162844 -0.6783027 0.1330163 -0.0889102 0.7171521
1738292979.745478 -36.3681526 12.0063448 0.6271410 -0.6807649 0.1309031 -0.0875639 0.7153714
1738292979.945585 -36.4974518 12.0212822 0.6448946 -0.6772311 0.1247710 -0.0904908 0.7194455
1738292980.078997 -36.5886765 12.0290060 0.6505437 -0.6722837 0.1252650 -0.0929288 0.7236765
1738292980.345815 -36.7732811 12.0399723 0.6499810 -0.6690266 0.1420835 -0.1109207 0.7210495
1738292980.479223 -36.8631439 12.0457716 0.6538470 -0.6704946 0.1517936 -0.1166541 0.7167898
1738292980.612630 -36.9475899 12.0643320 0.6630981 -0.6738045 0.1504051 -0.1248037 0.7125937
1738292980.746036 -37.0326080 12.0852547 0.6687632 -0.6739038 0.1492811 -0.1264362 0.7124484
1738292980.946141 -37.1551285 12.1259575 0.6666293 -0.6712850 0.1511393 -0.1184278 0.7158968
1738292981.079550 -37.2372398 12.1651936 0.6675684 -0.6776475 0.1575725 -0.1089837 0.7099912
1738292981.212958 -37.3266983 12.2073336 0.6762989 -0.6771363 0.1580499 -0.1038203 0.7111456
1738292981.346364 -37.4176865 12.2384701 0.6868830 -0.6786652 0.1444543 -0.1027882 0.7127280
1738292981.479769 -37.5070648 12.2615623 0.6955800 -0.6749512 0.1370805 -0.1028643 0.7176829
1738292981.613172 -37.5895004 12.2804508 0.6936569 -0.6748548 0.1362681 -0.1070949 0.7173094
1738292981.746576 -37.6793518 12.2967463 0.6928535 -0.6736799 0.1451582 -0.1119751 0.7159232
1738292981.879978 -37.7714348 12.3133717 0.6957633 -0.6753255 0.1545038 -0.1138853 0.7121056
1738292982.013382 -37.8582535 12.3259363 0.7023206 -0.6765637 0.1633659 -0.1081181 0.7098476
1738292982.613707 -38.2557831 12.4751015 0.7167397 -0.6796986 0.1445305 -0.0906733 0.7133718
1738292982.747111 -38.3387070 12.5171928 0.7313604 -0.6781084 0.1396718 -0.0844459 0.7166100
1738292982.880512 -38.4147415 12.5476217 0.7404346 -0.6798170 0.1322507 -0.0829341 0.7165756
1738292983.080619 -38.5315399 12.5852547 0.7476192 -0.6761085 0.1225505 -0.0869606 0.7213159
1738292983.280730 -38.6533775 12.6151981 0.7522221 -0.6736352 0.1229922 -0.0929121 0.7228111
1738292983.414135 -38.7418175 12.6322308 0.7588201 -0.6720229 0.1223442 -0.0988607 0.7236324
1738292983.547538 -38.8247757 12.6471214 0.7663116 -0.6689112 0.1293513 -0.0981363 0.7253933
1738292983.680941 -38.9089622 12.6662560 0.7712231 -0.6729912 0.1211487 -0.1034639 0.7222888
1738292983.814343 -38.9867554 12.6807709 0.7768784 -0.6714109 0.1174158 -0.0982572 0.7250976
1738292984.081151 -39.1651726 12.7293911 0.7796011 -0.6740323 0.1028316 -0.0904564 0.7258952
1738292984.347965 -39.3345108 12.7842731 0.7896585 -0.6764824 0.1051134 -0.0751712 0.7250324
1738292984.481369 -39.4091797 12.8030777 0.7971039 -0.6750253 0.1038422 -0.0730956 0.7267838
1738292984.814876 -39.6044769 12.8403225 0.8090239 -0.6717223 0.1007165 -0.0735153 0.7302335
1738292984.948277 -39.6880150 12.8586254 0.8118300 -0.6793048 0.1026624 -0.0812781 0.7220798
1738292985.215091 -39.8452568 12.8966446 0.8179278 -0.6858697 0.1109515 -0.0943005 0.7130077
1738292985.415199 -39.9512901 12.9358978 0.8217254 -0.6883179 0.1078649 -0.0972457 0.7107229
1738292985.748706 -40.1335869 13.0266237 0.8238206 -0.6869342 0.1069021 -0.0696162 0.7154348
1738292986.215984 -40.3861809 13.1358442 0.8538218 -0.6815084 0.0881490 -0.0635625 0.7236959
1738292986.349587 -40.4568176 13.1537170 0.8550620 -0.6809976 0.0886691 -0.0691029 0.7236056
1738292986.483200 -40.5317192 13.1665344 0.8562121 -0.6781505 0.0954550 -0.0734199 0.7249895
1738292986.616819 -40.6110382 13.1808186 0.8581076 -0.6830292 0.1035317 -0.0739070 0.7192289
1738292986.750447 -40.6875725 13.1933670 0.8610406 -0.6857509 0.1112346 -0.0724323 0.7156299
1738292986.884082 -40.7595787 13.2129955 0.8649654 -0.6910926 0.1096760 -0.0750706 0.7104413
1738292987.017629 -40.8264999 13.2343292 0.8712163 -0.6905742 0.1108259 -0.0746092 0.7108153
1738292987.151070 -40.9002609 13.2637367 0.8724174 -0.6888773 0.1111470 -0.0768866 0.7121677
1738292987.284511 -40.9861069 13.2977810 0.8742085 -0.6862076 0.1107756 -0.0720180 0.7153051
1738292987.684834 -41.2853699 13.4090528 0.8982964 -0.6827282 0.0934456 -0.0502876 0.7229255
1738292987.818274 -41.3776627 13.4443579 0.9030185 -0.6848146 0.0868164 -0.0532523 0.7215651
1738292988.018435 -41.5061760 13.4838448 0.8997097 -0.6851780 0.0883287 -0.0596740 0.7205333
1738292988.218600 -41.6496315 13.5207939 0.9058924 -0.6835193 0.1003906 -0.0604153 0.7204673
1738292988.352042 -41.7360458 13.5493622 0.9112763 -0.6848707 0.1131256 -0.0644389 0.7169396
1738292988.752370 -41.9994812 13.6454010 0.9224148 -0.6795189 0.1274200 -0.0929492 0.7165045
1738292989.419583 -42.4862595 13.9148083 0.9725633 -0.6745078 0.1261905 -0.1130413 0.7185658
1738292989.553026 -42.5767708 13.9587460 0.9711895 -0.6735436 0.1327665 -0.1229362 0.7166581
1738292989.686469 -42.6681328 13.9993763 0.9644580 -0.6735652 0.1431624 -0.1305451 0.7132828
1738292989.819912 -42.7644081 14.0390377 0.9735169 -0.6746286 0.1512692 -0.1308766 0.7105387
1738292990.020074 -42.8963623 14.0932751 0.9952030 -0.6782234 0.1539005 -0.1287573 0.7069295
1738292990.153514 -42.9751587 14.1296988 0.9995971 -0.6781375 0.1524171 -0.1334968 0.7064540
1738292990.286955 -43.0477295 14.1620989 0.9990430 -0.6751817 0.1537751 -0.1402107 0.7076891
1738292990.420394 -43.1248322 14.2082214 0.9947429 -0.6709116 0.1615576 -0.1419427 0.7096684
1738292990.553834 -43.1988144 14.2606592 0.9998152 -0.6712826 0.1743829 -0.1370142 0.7072464
1738292990.687274 -43.2814598 14.3037491 1.0174387 -0.6656369 0.1796092 -0.1318341 0.7122415
1738292990.820715 -43.3622627 14.3462925 1.0309942 -0.6640644 0.1756258 -0.1339090 0.7143126
1738292990.954154 -43.4421692 14.3828621 1.0401573 -0.6617944 0.1696754 -0.1389651 0.7168872
1738292991.087593 -43.5236855 14.4177914 1.0425904 -0.6602420 0.1693566 -0.1430722 0.7175857
1738292991.221031 -43.6140709 14.4541779 1.0407138 -0.6587681 0.1714291 -0.1471729 0.7176189
1738292991.421190 -43.7531967 14.5122633 1.0479343 -0.6641965 0.1808178 -0.1443568 0.7108510
1738292991.554628 -43.8392525 14.5445137 1.0478961 -0.6692472 0.1822101 -0.1391034 0.7067941
1738292991.688066 -43.9184074 14.5837812 1.0563388 -0.6765566 0.1745551 -0.1403798 0.7014950
1738292991.821506 -43.9877663 14.6230240 1.0613382 -0.6783176 0.1681683 -0.1388323 0.7016625
1738292991.954944 -44.0567131 14.6601181 1.0580132 -0.6772524 0.1624160 -0.1361121 0.7045736
1738292992.155100 -44.1646690 14.7385483 1.0583482 -0.6767827 0.1610910 -0.1185494 0.7084920
1738292992.288537 -44.2326355 14.7997875 1.0695829 -0.6788006 0.1614411 -0.1047223 0.7086605
1738292992.421976 -44.3100281 14.8533669 1.0806694 -0.6745659 0.1581543 -0.0947790 0.7148183
1738292992.555413 -44.3842812 14.9029226 1.0914741 -0.6761089 0.1478257 -0.0911372 0.7160435
1738292992.688850 -44.4607124 14.9443893 1.0971394 -0.6762148 0.1397933 -0.0912087 0.7175461
1738292992.822287 -44.5404778 14.9891052 1.0947328 -0.6776372 0.1363872 -0.0903310 0.7169705
1738292992.955725 -44.6199112 15.0264435 1.0942941 -0.6780812 0.1359674 -0.0868878 0.7170560
1738292993.089165 -44.7059097 15.0655403 1.0905395 -0.6789004 0.1377662 -0.0861453 0.7160264
1738292993.222605 -44.7813225 15.1038246 1.1001930 -0.6804619 0.1459553 -0.0847975 0.7130765
1738292993.356045 -44.8556137 15.1403294 1.1063952 -0.6824358 0.1440358 -0.0935354 0.7104831
1738292993.489486 -44.9305649 15.1743488 1.1099753 -0.6804665 0.1415184 -0.0951492 0.7126602
1738292993.622926 -45.0121880 15.2138767 1.1071429 -0.6795868 0.1337916 -0.0916715 0.7154425
1738292993.756366 -45.0893097 15.2639313 1.1053386 -0.6791413 0.1276726 -0.0839070 0.7179321
1738292993.889807 -45.1706963 15.3172588 1.1168518 -0.6821833 0.1256025 -0.0756643 0.7163274
1738292994.089969 -45.2923203 15.3942776 1.1418672 -0.6782560 0.1231935 -0.0700806 0.7210277
1738292994.223411 -45.3685074 15.4340687 1.1505976 -0.6810872 0.1136752 -0.0737075 0.7195592
1738292994.423573 -45.4897041 15.4844332 1.1583958 -0.6778546 0.1092460 -0.0742207 0.7232357
1738292994.690458 -45.6696701 15.5497875 1.1567621 -0.6767662 0.1252163 -0.0778367 0.7212836
1738292994.823900 -45.7503967 15.5804062 1.1642804 -0.6762369 0.1415538 -0.0786677 0.7186639
1738292994.957342 -45.8377190 15.6186495 1.1731300 -0.6804344 0.1413274 -0.0905115 0.7133325
1738292995.157504 -45.9532166 15.6676254 1.1771293 -0.6825890 0.1333249 -0.0976347 0.7118738
1738292995.357666 -46.0630150 15.7346334 1.1747389 -0.6800683 0.1366745 -0.0987277 0.7134985
1738292995.557828 -46.1850319 15.8190727 1.1805677 -0.6795535 0.1432474 -0.0948510 0.7132255
1738292995.691269 -46.2606697 15.8715296 1.1988630 -0.6743606 0.1446463 -0.0932094 0.7180720
1738292995.824710 -46.3307037 15.9204044 1.2106857 -0.6713405 0.1422267 -0.0989938 0.7206065
1738292995.958151 -46.4023170 15.9720964 1.2216330 -0.6743247 0.1388344 -0.1026206 0.7179695
1738292997.159156 -47.0684128 16.4454269 1.2658057 -0.6713910 0.1386434 -0.0800760 0.7236021
1738292998.960648 -48.0986443 17.0460529 1.3549843 -0.6725489 0.0905234 -0.0225869 0.7341480
1738292999.696425 -48.4980354 17.2144012 1.3632565 -0.6705588 0.0838489 -0.0153458 0.7369429
1738292999.830230 -48.5841637 17.2367153 1.3691864 -0.6750476 0.0817211 -0.0077320 0.7331935
1738292999.964015 -48.6678391 17.2549076 1.3779058 -0.6774743 0.0870507 0.0009560 0.7303765
1738293000.097424 -48.7472267 17.2747669 1.3784504 -0.6802160 0.0744454 -0.0034569 0.7292134
1738293000.497644 -48.9852905 17.3436317 1.3866205 -0.6769384 0.0512986 0.0045652 0.7342358
1738293001.298093 -49.4830170 17.4472523 1.4300861 -0.6687280 0.0210773 0.0206096 0.7429226
1738293001.564919 -49.6582642 17.4576817 1.4432678 -0.6761510 0.0370133 0.0197229 0.7355685
1738293002.298672 -50.1258659 17.5647469 1.4574633 -0.6851606 0.0260370 0.0144685 0.7277827
1738293002.565485 -50.3022957 17.6130428 1.4761419 -0.6801328 0.0181316 0.0129380 0.7327504
1738293003.299228 -50.7913780 17.6510201 1.4816980 -0.6839017 0.0394259 0.0131877 0.7283887
1738293003.432639 -50.8691559 17.6572247 1.4859400 -0.6824498 0.0360152 0.0114684 0.7299547
1738293003.632753 -50.9978752 17.6861515 1.4950714 -0.6810675 0.0326361 0.0057656 0.7314703
1738293003.766161 -51.0828667 17.7055855 1.4978771 -0.6795135 0.0323599 0.0079862 0.7329055
1738293003.966271 -51.2175636 17.7275372 1.5109615 -0.6784983 0.0317852 0.0182416 0.7336874
1738293004.699998 -51.7146721 17.7591763 1.5372581 -0.6756474 0.0316897 0.0241696 0.7361468
1738293004.833398 -51.8064308 17.7566013 1.5424232 -0.6774778 0.0329249 0.0205007 0.7345200
1738293004.966799 -51.8954773 17.7595291 1.5498714 -0.6786180 0.0242751 0.0106837 0.7340125
1738293005.233622 -52.0658875 17.7890739 1.5534220 -0.6742794 0.0299442 -0.0006247 0.7378688
1738293006.901223 -52.9608917 17.9360123 1.6011410 -0.6736353 0.0910964 -0.0531686 0.7314985
1738293007.634965 -53.3364143 18.0448513 1.6463776 -0.6642494 0.0969754 -0.0641747 0.7384106
1738293008.035178 -53.5785980 18.0692825 1.6458941 -0.6724177 0.1143030 -0.0738246 0.7275570
1738293008.435394 -53.8042831 18.1107330 1.6589851 -0.6747341 0.1109345 -0.0807035 0.7251996
1738293008.835599 -54.0356903 18.1977062 1.6676340 -0.6704510 0.1170058 -0.0714988 0.7291728
1738293009.235819 -54.2509842 18.2714634 1.6942406 -0.6624356 0.1066187 -0.0827188 0.7368644
1738293009.702742 -54.5368996 18.3206081 1.7017479 -0.6644639 0.1154582 -0.0827336 0.7336977
1738293009.836145 -54.6148415 18.3283310 1.7025414 -0.6695898 0.1176645 -0.0769362 0.7293047
1738293010.236360 -54.8519325 18.3874016 1.7025270 -0.6713224 0.0943117 -0.0700556 0.7317950
1738293010.369763 -54.9325142 18.4217758 1.7018890 -0.6726618 0.0921617 -0.0614320 0.7316136
1738293010.569867 -55.0603218 18.4815445 1.7121000 -0.6769893 0.0888286 -0.0460421 0.7291606
1738293010.703267 -55.1458931 18.5172787 1.7225971 -0.6736789 0.0819975 -0.0412759 0.7333004
1738293010.836666 -55.2264328 18.5476189 1.7290230 -0.6764855 0.0712530 -0.0392704 0.7319482
1738293010.970066 -55.3047218 18.5693016 1.7353601 -0.6745014 0.0610936 -0.0393450 0.7346886
1738293011.103475 -55.3845444 18.5886021 1.7376881 -0.6766803 0.0564214 -0.0385720 0.7330980
1738293011.236882 -55.4699974 18.6002731 1.7388983 -0.6763088 0.0589245 -0.0374387 0.7333026
1738293011.370288 -55.5572853 18.6106949 1.7410126 -0.6810471 0.0659498 -0.0332884 0.7285036
1738293011.503693 -55.6371689 18.6184959 1.7437973 -0.6847230 0.0691977 -0.0247727 0.7250879
1738293011.637098 -55.7112846 18.6314564 1.7472878 -0.6879981 0.0649451 -0.0239826 0.7224027
1738293011.770501 -55.7796173 18.6437855 1.7482080 -0.6883707 0.0628805 -0.0235476 0.7222446
1738293011.970604 -55.8814240 18.6655350 1.7487688 -0.6841295 0.0610422 -0.0123948 0.7266960
1738293012.370829 -56.0998688 18.7230721 1.7713966 -0.6834370 0.0429995 0.0238568 0.7283514
1738293012.504235 -56.1684532 18.7361679 1.7808456 -0.6797991 0.0240318 0.0397985 0.7319234
1738293012.971150 -56.3613129 18.7473583 1.7986317 -0.6825826 -0.0335733 0.0610526 0.7274795
1738293013.237973 -56.4423180 18.7304192 1.7992878 -0.6816638 -0.0395964 0.0626945 0.7278984
1738293013.638198 -56.5325394 18.7135258 1.8037529 -0.6883665 -0.0417214 0.0579263 0.7218417
1738293013.971715 -56.5775604 18.7114220 1.8087902 -0.6876305 -0.0456089 0.0628187 0.7218989
1738293014.238537 -56.6201973 18.7184677 1.8155670 -0.6848714 -0.0648070 0.0784226 0.7215270
1738293014.505354 -56.6521721 18.7297993 1.8214436 -0.6815227 -0.0767344 0.0877100 0.7224580
1738293014.772168 -56.6727066 18.7353992 1.8229656 -0.6789064 -0.0917998 0.0921136 0.7226161
